0.44657570839203076 0.3097037798724747 0.003944288671875002 0.0640373310047435 0.0 
0.0 0.0 0.31383283789724375 0.05607364224140069 0.0 
0.2797712153712609 0.0 0.0 0.0 0.0 
0.0 0.0 0.0 0.0 0.0 
0.49950849583885415 0.21871464284858996 0.25434421296546905 0.16682456935829654 0.0 
0.0 0.0 0.0 0.0 0.0 
0.21188254201153947 0.0 0.0 0.0 0.0 
0.0 0.0 0.0 0.0 -0.998046875 
0.2788645915055888 0.6181788715733305 0.5279464422815223 0.522995664574899 0.0 
0.3461877194532337 0.7819308035987114 0.39684234968395327 0.4850976669339766 0.0 
0.5706983409615625 0.8731041445077434 0.0 0.3972124323440651 0.0 
0.0 0.0 0.0 0.0 1.0 
