0.59049 0.3287575213134364 0.265720499429686 0.26572049999999997 0.0 
0.0 0.0 0.0 0.49819941943195695 0.0 
0.0 0.0 0.0 0.0 0.0 
0.0 0.0 0.0 0.0 0.0 
0.6560999999999999 0.29524499999815973 0.39858074997370674 0.43896654934289525 0.0 
0.0 0.0 0.0 0.0 0.0 
0.50625 0.0 0.0 0.0 0.0 
0.0 0.0 0.0 0.0 -0.5 
0.0 0.7289999999999999 0.295244999994325 0.574087499999737 0.0 
0.0 0.8099999999999998 0.6291540527343749 0.0 0.0 
0.0 0.8999999999999999 0.09112500000000001 0.36449999999999994 0.0 
0.0 0.0 0.0 0.0 1.0 
